Car 1 0 1.5446454307772342 588.6292683500299 373.585723038222 731.0066083729085 503.5530026149468 1.549050211906433 1.788678526878357 3.705369472503662 0.250964825569467 1.8083612809453662 9.895481821827119 0.0020319203587817374
Car 1 0 1.5707927265331092 944.9290211735499 360.30857343666554 1063.3502976676803 398.03666077818986 1.7671663761138916 2.097072124481201 4.552699089050293 17.54349850785844 1.7904825995399403 31.060437193849353 -1.568175130290144
TrafficLight 1 0 1.5707963522732606 589.9814402144835 345.0087666615505 740.6576681664176 495.68394004011475 2.0 1.0 2.0 2.733079228973239 1.7985151558780068 16.28334116503595 1.5711198810691833
TrafficLight 1 0 1.2714868347978232 986.6198666041653 355.6416191404344 1030.714703707389 397.957063511875 2.0 1.0 2.0 10.456245651905782 1.792852797268894 33.8463418138667 0.0003291469100359994
TrafficLight 1 0 1.5707963497160125 575.4104533050356 357.17423466437737 602.8784629478728 383.87193068168244 2.0 1.0 2.0 -6.536499149972196 1.7905837645290328 40.9097416148939 -1.5704814277941526
Walker 1 0 1.6819918279541022 708.8886660751274 357.2549985254112 714.5049970620524 382.05727684660064 1.8600000143051147 0.3753577768802643 0.3753577768802643 5.397295642843027 0.7240844680959726 48.18606865263246 3.126028055116776
Vehicle 1 0 1.5706231379398496 869.3068192838812 378.44228946048344 869.3582463854012 401.96780790080743 0.9993333220481873 0.0 0.0 10.788867299845249 1.7933606537133238 26.811528031217406 1.549659463215052
TrafficLight 1 0 1.5707963507889702 731.1664830632812 306.93381575638625 750.926738985455 356.21133498712123 1.221373438835144 0.2771874964237213 0.4507812261581421 2.5274760468657242 -0.7063101621397334 16.021864283696843 0.0003222226937415817
TrafficLight 1 0 1.5707963507889702 731.1664830632812 306.93381575638625 750.926738985455 356.21133498712123 1.221373438835144 0.2771874964237213 0.4507812261581421 2.5274760468657242 -0.7063101621397334 16.021864283696843 0.0003222226937415817
TrafficLight 1 0 1.5707963507889702 731.1664830632812 306.93381575638625 750.926738985455 356.21133498712123 1.221373438835144 0.2771874964237213 0.4507812261581421 2.5274760468657242 -0.7063101621397334 16.021864283696843 0.0003222226937415817
